14
14
1 3 6 9 0 5 2 8 0 7 0 2 5 1 4 7 8 3 2 1
0 2 6 3 0 8 9 3 0 0 0 0 3 0 0 9 1 2 4 7
0 0 6 3 7 8 9 1 5 0 4 0 5 0 0 9 1 2 4 7
0 0 0 3 7 8 9 3 0 0 0 0 9 9 1 2 4 7 8 9
0 0 4 0 5 7 9 1 0 0 5 0 9 1 4 7 8 3 2 1
9 0 0 0 0 7 9 5 0 0 0 0 5 0 0 9 1 2 4 7
0 1 0 0 0 0 4 2 0 0 0 0 8 8 8 8 5 1 1 1
0 0 0 2 0 0 0 5 0 0 0 0 5 1 4 7 8 3 2 1
0 0 9 0 0 0 0 0 8 0 0 0 6 0 9 8 4 2 2 1
0 0 0 0 0 0 0 0 0 5 0 0 5 0 0 9 1 2 4 7
0 5 0 0 0 3 0 3 0 6 8 0 7 0 0 9 1 2 4 7
0 0 0 1 0 0 0 0 8 0 0 3 5 1 4 7 8 3 2 1
3 7 8 9 3 0 0 0 0 9 5 0 0 0 3 0 3 9 1 1
3 7 8 9 3 0 0 0 0 9 0 3 2 0 5 1 4 7 8 3
3 7 8 9 3 0 0 0 0 9 0 0 2 1 5 1 4 7 8 3
3 7 8 9 3 0 0 0 0 9 0 1 0 0 5 1 4 7 8 3
3 7 8 9 3 0 0 0 0 9 0 0 6 0 5 1 4 7 8 3
3 7 8 9 3 0 0 0 7 9 0 8 0 0 5 1 4 7 8 3
3 7 8 9 3 0 0 0 0 9 0 0 0 0 5 1 4 7 8 3
3 7 8 9 3 0 0 0 0 9 0 0 0 0 5 1 4 7 8 3